{
    "gen_transition_matrix": [
        [
            0.4,
            0.3,
            0.2,
            0.1
        ],
        [
            0.1,
            0.7,
            0.1,
            0.1
        ],
        [
            0.15,
            0.15,
            0.4,
            0.3
        ],
        [
            0.3,
            0.15,
            0.15,
            0.4
        ]
    ],
    "start_transition_matrix": [
        [
            0.35766901,
            0.19469946,
            0.33753688,
            0.11009465
        ],
        [
            0.1457671,
            0.5914749,
            0.175172,
            0.087586
        ],
        [
            0.29928881,
            0.11701788,
            0.31136717,
            0.27232615
        ],
        [
            0.21261512,
            0.1400294,
            0.11754035,
            0.52981513
        ]
    ],
    "10": {
        "training_time": 0.4190709590911865,
        "gen_model_likelihood": -21615.52365342907,
        "init_model_likelihood": -21751.607685209263,
        "trained_model_likelihood": -21738.9972290151,
        "trained_transmat": [
            [
                0.3606495850833333,
                0.19632195550000003,
                0.3403496873333333,
                0.10267877208333331
            ],
            [
                0.14698182583333338,
                0.5964038574999998,
                0.17663176666666663,
                0.07998255000000021
            ],
            [
                0.30178288341666676,
                0.11799302899999996,
                0.3139618964166667,
                0.2662621911666665
            ],
            [
                0.21438691266666665,
                0.1411963116666666,
                0.11851985291666671,
                0.5258969227500001
            ]
        ]
    },
    "100": {
        "training_time": 1.2628726959228516,
        "gen_model_likelihood": -216333.18792251596,
        "init_model_likelihood": -217616.71302972932,
        "trained_model_likelihood": -217506.01288915687,
        "trained_transmat": [
            [
                0.3606495850833334,
                0.19632195550000003,
                0.3403496873333333,
                0.10267877208333331
            ],
            [
                0.14698182583333338,
                0.5964038574999998,
                0.17663176666666663,
                0.07998255000000021
            ],
            [
                0.30178288341666676,
                0.11799302899999996,
                0.3139618964166667,
                0.2662621911666665
            ],
            [
                0.21438691266666665,
                0.1411963116666666,
                0.11851985291666671,
                0.5258969227500001
            ]
        ]
    }
}